   3.6150000000000002       # lattice parameter
  500  300.00000  300.00000  300.00000 # number of grains, box-x, box-y, box-z
 0.0 1.0
  265.686651   79.080208  121.971687  323.364642  347.947675  142.834524
   82.006130   80.807548   82.176612  319.418910  240.570110   42.778359
  287.232737   78.469548   91.035050  149.811966  146.152961  136.679295
  110.668270  225.215496  164.392846   72.666030  177.610917   54.982277
   20.811808  218.119995  272.608227  147.310569   53.483989   86.841177
   74.245153   52.614889  166.888458  101.718109  135.189589  145.389885
  252.285006  122.776104  237.573882  175.741059  354.867675   66.942402
   41.848545  133.685111  125.759322   46.279073  285.290131  102.349403
  140.383871  221.333548  222.651940  200.264134   55.772782  145.408983
   98.230146   10.939254   27.358952   95.937571  134.016041   57.588812
   95.427790  148.924385  256.004747   61.007170  150.808605   57.565903
  121.408564  109.513996  225.746307   13.885200  189.586140   26.024560
  114.393479  213.721196   54.234506  272.873798  311.564366   74.298196
  214.113453    5.344303  156.304432   23.923018  138.826646   59.978324
   89.547488  287.717111   55.110898   23.762574  119.162033   73.905837
  213.626659  193.535568  101.300603  344.557977  273.853487  124.075477
  110.666932  153.781736  226.226796  282.277534  177.090172   92.748692
   14.683123  254.033599  168.345248  298.491696  287.119192   36.841893
  266.855038   53.855829   29.815274  240.504442   92.766655  138.597727
  229.750202  224.799449  114.722549  212.188788  190.570759   43.131326
  206.945655  259.482610   78.549096  295.509392  107.132832   89.314318
  292.698415  170.034340  151.149742  142.939255   97.514091   96.430490
  235.718862  296.141134  125.958824  126.310207  126.785230    9.598006
   87.577806  265.496448   21.726910  164.214921   84.674759   33.690861
   39.100226  168.520067  122.447086  222.781539   80.465105  136.184967
  119.934493   17.782694  123.764874   61.233552  306.100455   75.118793
    8.010666  263.350380  211.655098  215.878923  271.537810  106.921900
  241.026163  176.308460   26.544001  134.548224  183.544417  144.848196
  147.394223   33.684035   16.602338  198.668508  280.508910   90.152996
  107.109276   42.803942  149.488205  135.759663  101.704911  107.414379
  156.072483  204.155029   63.847536  118.702404  286.636705   46.597331
  205.922428   19.834496   86.529340  293.686750    4.147052  102.344477
  237.321647  148.206261  201.287144  144.585028  265.696412   68.272197
  150.563185  167.547856   36.569574  149.208456  311.244735  123.927979
  147.051842  193.004215  167.096848  150.588030  272.715597   61.966554
   10.621986   83.057193  215.660155   30.559598  106.753474  135.370725
  243.144717    5.397634  187.291032   60.123012  350.131283  111.368716
   44.409790   70.987911  108.130955   92.008696  169.018297  156.840321
   28.938120   27.550272  191.293389  343.849952  237.728750   45.157621
   17.000070   29.190490  105.675098  313.496750  355.589294   69.252233
  245.271040  299.143592   14.222791  100.947854   86.845845   37.045560
  127.538998  155.888765   70.285437  357.670181  123.662890  123.300414
   78.150790   62.732455   62.431737  108.194145  183.148136   72.083029
   21.140366  203.711581  162.067582   19.037124  276.901110    8.664839
   96.736309  182.664261   82.725689  188.115598  101.296504   97.468550
   67.726137  125.871330   67.938631  195.871475  345.252201  132.573734
  188.911609  104.841440  106.028552  347.960435  247.463978  158.246238
   14.063551  153.142705  136.311578  236.638671  324.634724   57.379013
  176.350711  224.241126  168.685892  277.072392  134.427844   94.405451
  228.353985  273.322580   61.882467  138.855899  269.874566  117.206201
  222.689760   60.785375   90.981758  294.067919   24.878856   79.628724
  241.048053   63.519100  207.811198  279.623716  258.374438   58.009804
   77.161545  225.371556  178.884031  316.413115   78.049263  120.820432
   60.338885   92.430451  264.565290  347.159059  298.158210  121.501351
  183.788435  221.689946  120.472564  182.735837  138.520882   89.511680
   58.669023  287.436799  259.116139  337.843028   91.529592   64.070325
  162.691976  266.865578  253.821643  267.410036  138.780275  156.188238
    2.626745   87.953217  185.445642  279.376462  255.324786   74.746900
  133.688609   22.095578    1.216045  318.955728  295.057519   97.723925
  283.977826  258.870701   96.206498  130.726714   55.001916   81.059902
  146.234483  218.276010  265.400371  145.832900  100.385546   78.491620
  220.162568  130.250015  181.508576  327.969240  243.728523   98.283931
  222.459981  244.443594  289.613591  236.200281  220.829819   23.630291
  156.947695   66.431152  195.666624  298.449629  165.681130  156.100620
   60.021714  132.201456   25.799086  196.630001  203.079129   25.902792
  139.500104  294.563699  127.309896  168.412892   40.474991   92.830752
  280.670606   62.672486   65.640292   81.322928  224.963946   38.755286
  124.013390   78.469328  266.782713  197.277550   58.805875   56.992913
  252.079249   54.235830   91.306991  293.530117   59.487674   43.536305
  297.487440   39.393331  143.913870  125.386851  349.344151  139.707127
  132.488634  131.644664  294.448609  138.710467   59.399678   78.280202
   96.101201  185.479248  298.223650  133.500897  173.134177  125.388548
   82.859298   84.651605  204.123375  331.976941  210.712496   45.171541
   62.696358   74.302660  280.141064  283.507340  175.010102   43.273168
  204.836957   85.350459   50.302277  357.090374  325.417707  161.457133
   45.741861  154.225652   36.536465  346.594118   33.909176   26.504977
   41.938523  185.414060   64.930106  102.942039  244.139280  171.155412
  139.569675   65.399050  200.796914  348.779432  356.983498   97.858604
   64.299787  225.523588   33.889631  331.414159  100.170127  137.508458
   19.269988  281.769084   56.607718  259.743699  226.338676   68.336157
  272.027205  171.421132   81.496455  161.463328  222.221653   80.572983
  206.601896   81.265434   46.999925   59.136679  189.201615   63.497576
  150.470630  281.526644  176.329758  330.163930   31.636767   62.216737
  271.629652  214.281566  142.696211  313.472440   88.525328  138.976447
   70.077919    4.698742  221.930001   99.145240  173.440576   43.604130
  166.122728   83.173481  276.591702   10.838246  163.635533  113.503728
  136.753704  270.355658   12.628444  202.357415   22.493018   73.345847
   43.886921  216.405189  262.159885   87.475322  259.641285   34.932231
  148.225640  247.919101  187.882099  141.230031  127.574441   51.204028
   54.014569  288.872547  125.573400  127.002999  350.771626  134.187452
  231.604063  212.049042  233.543835   73.061160  182.645733    8.870488
  216.274774   61.481531  225.946414  278.841208  183.576670   53.400011
   53.438852  171.601451   32.878697  258.735951  207.437377   52.132060
  220.538672   29.085215  250.693572  357.713169  205.256684  129.118889
  246.688496  157.186486  163.605501  270.893254  243.419829  140.446188
   87.117613   51.527640  124.000427  330.950344  309.943869   84.231589
   57.979657  246.018589   62.848744  184.894895  219.369947  102.043661
   82.361984  169.259921  181.614309  244.234149  294.646175   99.644164
   90.707689  266.989886   45.689460  266.223375   85.331538  134.337192
  190.573212   69.208945  235.868288  271.254641  205.548793  102.063783
  252.634243   66.219900  252.168242  204.281217  133.003274  166.940753
   65.116125  156.533912  181.563285  260.774980  137.956265   48.596502
  299.978101  298.536181  126.209918  250.464906  123.460735  101.795228
    5.559682   41.089604  186.226198  323.582393  124.836155   90.255399
  140.840634  189.069831  175.972250   82.331453   39.563779   47.370958
   61.512901  123.807025    2.547915  293.473558  207.257507   51.770144
  112.320069  176.414246   77.810788  189.375656  258.054819  118.987258
   55.389699  132.144213  236.563517  217.703172  205.812178   17.917783
  106.590453   42.958456  254.186119  120.993143  281.350888  134.316312
  288.604592  140.395681  109.626809  207.876880  213.934316   76.736853
  171.512764   26.078547  287.197052   76.005567    9.707127   40.636460
  108.512582  226.375117  215.927497   30.510118  182.128538  108.124223
    2.990121   14.586890   17.318415  170.606498  154.647385   89.319402
  225.533606   81.566313  290.700809  355.404609  353.006320  101.801143
  257.969820  275.375633  138.089925  316.839251  316.489354  133.623577
  139.411467  109.036575  210.437390  320.110800   26.778545   93.183781
  107.743622  151.645435  178.441055  347.937804  229.709756  109.121111
  283.993826   40.166943  192.517145  136.107678  332.643819   92.378646
  238.719038  215.302184  142.460167  145.413794   63.566733  131.292942
    2.145890  283.778102  136.170994  245.812886  201.974057  117.957399
  213.542959  126.330730  280.829215  255.611219   35.567883   37.704286
  288.852469  171.854144   21.036971  271.121884    8.193334   84.216270
   96.753653  298.480684   86.110878   78.629866  110.383650  110.428833
  179.337997   99.749135   51.652957  250.659660   56.016228   95.967335
   35.594805  268.998738  142.065070  192.387434  156.980836   45.054868
   24.578788  133.653379  153.071416  196.048522   56.005977   71.666272
   82.166398  271.650580  280.670637  173.672450  282.839199   94.541551
  269.686641  218.829315   38.713512   17.259177   89.108871   80.962210
    7.057446  267.653159  110.340877  117.261108  134.162109  110.908398
  219.324821  149.300447   38.632714   38.706149   28.265648  123.114830
  131.119219  274.823975  251.867226  278.990151  220.506487   72.275496
  238.750033   69.044168   17.821436  202.675167  346.117975  133.314676
  168.036307  237.333041  242.053222  227.681442   37.563637   61.575346
  155.023921  189.192389  196.636375  357.770414   17.534933  116.520220
  199.935332   28.114019   39.418769  241.642808  171.897039   68.258347
   75.979654   90.766248   66.704694  312.005597  123.134674  121.312763
  139.417162  158.849489  134.661587  341.565417  256.308666  134.191905
  276.465673   73.165567  156.117086  202.052074  117.005393  138.730691
   45.269959   36.547972  182.507104   61.926776  222.487310  123.319469
   17.005160   64.204942  127.426206   54.265003  287.205839  121.642826
  151.759785   60.090909   16.799951  330.392357  202.082107  110.986535
  141.005809  220.934294  160.489196  318.749221  157.978401  156.268827
  298.786854  238.269578  218.435822  236.497720  110.707031   89.369316
  197.752453   63.911731  246.788708   42.935101  282.356859   47.207483
  211.896244  101.354242  278.085523  168.649694  155.916989  127.241611
   94.970662  218.926484  197.636952  268.131624   97.935032  127.876575
  211.057998  105.626232  170.241437   80.349407  132.474346  132.911569
  193.237410   43.296106  158.082723  111.067132  227.990283   48.858212
  263.001191   53.359855  156.460274  351.134827  288.847906  113.296165
  137.271696  180.833189  150.470264  192.114801   43.000820  137.435090
   93.425883   37.159642   33.547902  220.550399  343.302162  116.144913
   30.247448   49.293949  159.020347  345.037909   84.724264   73.874191
   70.453302  213.600103  153.114294   62.940326  332.838111   89.150779
  156.726335  253.815014   62.765647   23.855544   64.456510   82.645410
  153.897901  265.290469  287.744965   22.366829  262.704608  124.961066
  102.777678   81.702436   40.194151  321.220220  276.880208  120.333481
   53.993464   75.098122  243.569732  310.446851   80.059470   86.652916
  258.357928   19.024911   61.675605   74.631678  138.993216  101.673405
  288.796565  142.538383   50.190666   27.247059  326.332876   76.435431
   86.923998   75.829726   98.881481  197.784394  115.445013   97.678181
   64.704604   91.264837  120.903744  358.918373  341.169324   61.326995
  283.944976   85.694202    7.973137  233.209014  214.495057  126.797498
   52.612704  157.135526   49.722003  123.401263  126.389608   78.393069
  194.316593    1.158476   83.651147   41.669745  255.721001   29.336333
  264.617796  240.742027   11.564679  181.713991   50.837442   45.956766
   87.652018   21.362223   97.139377  286.758891  339.394955  103.791034
  205.802069  253.825647  270.269966  223.763215  336.232088  151.629742
   69.722592   98.655457  138.397800   37.385070  169.347465  110.377645
  167.500536  170.549835   61.517540  351.880251   75.328435   54.338932
  271.319360  278.499894   99.920072   50.616341   65.280337  129.710778
  277.019028  175.916064   84.174999  233.465113   75.241271   91.730142
  183.030115   86.851129  251.260068  164.950421   59.081857   71.031437
   58.368583  180.046298  152.011035  279.299263  168.077279   90.308394
   55.568697  232.902676   30.732495   12.103681  292.924553  121.610239
   17.584219  118.458116  272.281217   99.432848  332.649961  142.831776
  119.784384  231.593461  194.781538  327.939233  344.868006  174.743958
  259.574152   65.204235   87.550721    8.168757  328.147328  108.654865
    3.437499  266.292168  189.095845  186.429732   49.401265  113.639523
   99.254249  292.162167   64.871672   84.331538  246.170766  145.224875
   76.653298  269.259645  258.874977  262.001272  165.465415  113.123691
   19.774462   67.234178   61.973045  261.629211  116.743007  123.016448
   77.404027  248.103965  293.692983  253.071963   44.809550  107.888837
   73.962434  106.043617  139.997388  318.772867  303.798381  143.820056
  139.708114  280.895639   63.569678  256.474138  169.632332   53.184845
  139.004299   54.409287  278.809936  329.208422  356.546819   51.087223
  161.450052  194.867170  159.363081  336.577298  190.598693   94.682139
   91.387081  284.939161   11.318538  203.971564  215.151073  177.534229
   94.082415  139.980412   61.345200  254.709593  164.726915  107.366096
  186.766849   24.641885  142.998925  320.741015  276.382047   87.461740
  207.668777  114.110208   93.034359  145.679249  356.163291   36.145944
  211.547304   13.921732   72.238332  314.800543  259.143055   17.569446
   57.187811  289.958631  244.608640  298.867166  227.279184   76.355837
  198.318419   66.985114   74.226707  131.324821  188.094161  115.387597
   63.424420   49.294238   69.684087  135.459121  215.860922    9.612611
  126.673598  105.112639  299.184378   84.925015  180.617139   69.094837
   78.678268  283.091068  130.142774   31.643206  105.995829  124.995710
  147.453655   80.842800   69.177075   94.103189  261.990540   22.863511
  109.997541   13.867869  198.712970   98.174761  351.200465  118.120180
   48.598486  285.546634  291.388158  238.609636  104.488275   91.637517
  238.616587  242.297993  297.100433  252.208717   26.502823   65.237581
   98.106664  283.830981  141.247079  319.228710  169.183814   53.930875
  150.186204   16.255314    1.300135  107.969383  193.694172  126.106715
  145.998093  294.916370   78.855537  129.386104  107.214712   60.348448
  133.228845  195.636985  275.366231  198.281431   14.488622   70.256244
  202.705581   67.415152   27.869578  298.915429  166.806589  159.207409
  137.752191  220.710755    7.347638   66.787919    4.730977   27.836195
  124.983891  163.069681  155.799408    3.823642  275.621992   72.029174
   75.961099  282.727192  157.255702  342.130817  316.728025   50.211268
  206.809036  222.927190  199.833168  314.264734  295.776900   83.362268
  211.180606  215.339769  212.436930  160.971242  180.207605   61.676169
   67.127773   17.669780  154.159077  289.490097  244.136232    6.198616
  107.112253  111.892377   12.728229  315.459383  128.802663   61.786345
   47.356848  156.478874   64.829155  226.080758   30.259445  158.408156
  221.608795  234.438383    1.273939  121.626761  251.552100   32.664106
  248.092300   76.353443  227.025146  131.529337   91.165934   77.969722
  297.209119  213.557701   63.706204  120.589132  191.758153   28.919913
  261.936557    9.319376    5.302014  238.525211  134.722948   52.654987
  230.955942  133.446599   19.578163  154.102857    8.450754   73.410768
   70.776072   97.758239   97.839018  175.068299  161.922425   22.591421
  261.571229   89.720214  260.599857  229.969248   45.185668  140.497508
  240.368133  196.315659  108.450735  227.986924  207.265174   32.073642
   43.431299  266.703546   82.909247   54.234129  305.048305   47.983870
  270.204125   28.592190   27.012430  271.569683   30.275908  101.131420
  171.004491   71.333871   74.545823  350.445628  136.893318  132.207715
  248.084540  249.558917   68.066428   77.045473  344.743380   30.583688
   48.802042  222.659615  294.524047  138.117175  248.628565  133.367709
  241.676334  236.792967  145.483300   45.622990   11.927350   73.959044
   50.871298  204.484641  195.193923   89.782796  256.084621  136.702413
   75.919464  133.284314  275.777096  150.690200  269.071819   95.457860
   73.270008  145.449153  157.194961  211.893409  328.219142  115.673644
  127.577830   64.960361   95.583129  152.443298  201.833646   64.663398
  137.644668   24.345109  122.109685  277.470426    7.167562   26.133812
  157.797586  291.531934  202.545533  342.833058   51.465607  139.098635
  248.008333  226.970792  294.732305  316.682900  177.257986  110.865270
  274.107095  216.990906  191.596918   18.193846  357.413279  144.062001
   53.489091  218.812630    8.320350  344.834907  344.206080   79.551588
  116.087837    0.676364   31.488562  245.095041  191.035684  108.475310
  283.730400   90.620024  237.646764  190.424965  199.199865  155.218439
   78.060805  221.815250  254.646484  233.706347   31.054196  132.468866
  219.632140  279.242786   79.937345   67.384134  225.711783   97.680187
  219.035049  210.124658  173.334154   18.694700  151.261256   87.369843
   87.494532  238.394555  279.024772   67.663476  177.616493   79.616914
   83.564899  172.185263   47.197762  226.515447  153.768816  171.121008
   74.426840   21.773470   69.673245  314.234640  156.823990   83.026240
  237.647477  155.960386  293.453745   12.694863  350.533384   62.343040
    6.799218  221.373257  248.769446   26.658565  139.801080   74.952479
  173.406167   66.937526  245.213446  270.177666  128.537340   34.766534
  112.279090  125.039376  286.757997  155.293401  306.257269  127.129769
   71.457541  204.412019   39.116185  152.219767  122.083834   59.320961
   36.139276   28.535216  141.722605  183.627421  120.978160   14.049702
  102.377011  189.077004  276.745735  185.158002  199.621059   23.527813
   36.667140   16.391291   79.183812  273.862125  159.467858   68.220125
   23.692852  222.155777  163.773481  177.158517   52.594099   88.749486
   26.894563  293.233838  198.376349  137.386365  326.774243   86.068880
  163.637681  262.728572   10.301315  223.100768  145.741334  142.654742
  298.825169  232.744518  233.168348    5.896769  177.188966  123.153868
   46.852645   56.444709   83.968650   91.078840  237.376946   69.375560
   74.608661   61.115505   60.832597   55.516926  134.223122   21.945646
  297.590448  288.270808  275.758864  211.327390   81.218201  140.329740
  167.942633   80.886842  171.645063  159.003035  109.591699  126.698399
   43.617875  158.667019  176.088991   55.506050    1.744235  133.151196
  264.383628  215.435005  139.724624  317.190906  144.396918   81.105179
  147.423504   20.551457  114.955793  184.974387  292.939451  107.613576
    8.735119  141.278804   79.745556  315.147255  296.193621   69.337885
   84.960642  192.985771   70.816689  130.006600    6.836992   52.702532
  217.455422   90.651554  141.024631   75.200552  286.586860  126.555071
  196.283409   96.719044   38.462368  292.550209   32.264119   86.948767
   59.108982  158.983560   60.142601   79.752807  119.691743  103.260738
  133.310647  122.777891  273.609738  173.785253  194.475430  118.949908
   70.278309  163.158293  192.603352  269.864078   82.449493   83.742148
  259.961976  238.502300  163.143175  171.451382  248.758332  153.658081
  113.087481  281.064776  237.684105  103.735602   73.220739  112.488456
   17.051201  259.460750   70.560595   70.048692  189.466327  136.742114
   58.922168  212.005578  106.151972  328.772716  285.280281   50.621827
   31.352498  177.068306  104.333287   93.287030  138.213278  135.287246
  137.506890  219.415427  282.338973   13.803011   28.321122  164.574936
  226.788510  222.286271   67.616460  284.255062   40.843229   89.803517
   53.398424  250.040287   69.611959  344.530774  191.455654   88.098687
  265.304020  143.563085   55.208032  121.315673  356.409971   75.288586
  137.764410  164.516866  245.429609  302.215462  282.967809  129.013755
  297.627741   40.606937  177.263233  129.359307  157.120863   81.247833
  236.113809   77.541192  183.480788   25.867395  133.105283   68.722411
   10.149572  146.640836  110.296597  180.755624  178.425803  130.833927
  188.781099  176.613248   28.879923  139.426360  116.961751  105.406669
  168.006791  272.123518  176.350437  167.734018  346.457345  107.770198
  233.674900   61.753903   50.210995  301.289965   88.473146  117.753116
  123.171192  290.228245  249.359509  103.504129  204.308279   88.049107
  146.826084   72.774082   11.379250  195.455133  247.035680   76.860790
  204.817901   42.902691  242.297820   22.961193  142.492787  116.113384
   61.230656  106.699591  120.089232   45.891765  106.518770   91.743492
  206.970504  245.135425   87.504459  319.525268  306.766140   77.395455
   22.372541   33.727445  107.195844  300.151241  203.656553   44.475928
  144.860047  278.873166  154.220229  343.370228  206.155806  154.040335
  222.635514  185.273980   60.277055  225.872189  172.207852  120.052509
  214.118198  214.244325  276.534890   56.659308  168.914500   20.978899
  244.374699   61.632578   90.072153  252.877855  237.712608  148.122331
   40.710844  241.928973  157.678136  290.869675   81.552848  149.124816
   89.850223   69.646668  201.115621  341.825417  158.316102  112.232448
   37.060250   47.952859  262.285622  333.802424  349.829338  120.824488
    1.782157   91.248794  284.358937  172.756789  330.775716  132.538698
   23.904555  243.673693   30.675116  304.067247  111.729893  112.372826
  161.240724   66.835819    3.563276  249.520861  145.721541  111.375082
  203.816222   89.552051  156.050266  339.226142   74.603872   13.188243
  253.611983  200.588811  252.661312   34.892273  134.949420  107.455119
   84.301400  109.606197   42.260683  223.403043   61.258596   44.405421
   68.004164  192.341138  209.571890  223.886816  259.765720   61.172026
   91.946800  295.920385   25.461365   10.411439   32.917265   22.059509
    7.080827   84.176229  270.707501   12.921581   12.336725   85.955406
   80.028909  113.625940  193.350534  246.427540  256.656472   92.428125
   84.917890   90.180193   45.563844  342.665007  299.924084  113.702395
  217.455296  118.042771   25.496680   33.450231  279.474369  141.737623
    6.866815  170.242289    6.073900  294.313978  172.531075  137.739725
   42.740121  268.274433   50.036783   72.745098  150.488545   26.299168
  275.559539  167.151814  214.238661   98.656408  174.873429   67.978100
  119.452415   96.105043  287.376498  289.981347   74.794220   88.789482
  246.791707  232.130142   96.894758  341.242769  330.035803  122.563156
  138.595938  215.989321  112.819704   92.878362   56.084877  142.663925
  141.412662  259.534206  156.573342  346.026393  148.184371   83.213943
   73.673953   41.137904   25.827156  169.548970   97.810000   67.108256
  277.281800  154.868032   66.941111  294.939467  199.865486   59.401569
   77.028271   46.969758  160.613128  359.002211  104.044407   68.841707
   43.146343   78.657242  292.740379  266.832574  240.285353  122.076348
  249.892427  102.725027  293.773199  338.473780   45.691056  119.715050
  111.513438  202.767843   58.645080  135.821808   50.752502  145.940182
  113.421070   22.253808  252.390713   78.810089  284.918638   98.164960
  144.371001  100.002136   88.521275  118.037260  207.087948  134.676203
  236.694005  285.225666   87.393966  108.851118  328.988033   45.367249
  285.218287   20.665307   80.094399  238.385851   98.789834  105.421438
  108.131718  280.626731   76.184074  307.763469  264.888085   77.645159
  273.972441  117.986857   70.920801  105.321626  308.286895   20.047701
  120.779058   39.936510  100.379667  145.408718   75.306917   46.209623
  209.889641  289.343145  249.442382   43.321844  197.490106   91.919435
  270.579907  211.108623   93.079246  198.928337  221.218341   91.719048
   50.512946  179.292293   12.514735  230.072166  303.719891  143.123992
  205.720361  136.356541  294.748009  279.666492   29.653673  164.971540
  181.792787  128.825096   92.173063  160.698195  222.706348   51.364435
  245.024782   20.344169   95.927936  112.018676  282.991025  115.332380
  247.966502  275.367470  297.314934  297.855358  100.171469   66.617532
   61.940995  124.818373  217.406938   14.582524  214.366202  115.040944
   38.908424  187.612842  150.938801  255.889530  359.741688   25.626869
  161.894364  214.707535  299.244519  169.497854  123.191379  132.654748
  191.050682   54.275795   14.914907  170.831154   91.024038   11.837636
  139.994038  291.886512  100.697267  348.685653  227.538765  105.386837
  114.679047  189.367612  160.194482  301.143463   66.487675   99.125500
   24.430747   82.760130  188.912363  304.553847  174.072565   65.548320
  156.790313  203.486503   46.223032  356.342734  279.525708  109.763343
  206.855459    6.000957  178.484896  275.951611  160.142530   96.508062
   57.183914  172.813137   87.328771  163.790072   14.551873   92.480275
   21.386894   31.313993  146.233031   88.746664  172.644426   68.306111
   74.781315  231.481612    1.012152   21.476103   95.980255   65.534763
  232.248273   74.795975  178.610199  242.063118  205.300989   73.865821
   87.935498  289.829624   38.772309  156.665326    1.865078   65.404048
  156.693939  218.178442  192.487281  268.711631  231.029089   39.809704
  256.912907  109.475740  117.040926  310.601087   17.897773  163.187431
   99.354021  299.943849  285.065832  126.860931  240.194638  172.710661
   43.100076  135.093469   24.980795   50.160805  220.913696   57.426090
  275.808979   37.174970  162.030528  286.996402  128.610248  142.039325
  132.449746  120.552515  190.448397  141.048012  143.576488   44.388447
  251.652416   61.111191  145.997024  211.829880  208.808410   72.226997
  257.461721   31.614726  212.193907  135.623347  279.704172   85.442258
   24.172183  219.825450  270.949707  356.380083  353.768096   34.591962
   78.620330  129.704498   35.031169  105.816140   47.628955   45.593248
  218.056119  226.140814  148.531725  343.013034   23.243129  147.982140
  167.970218  149.504535  220.250474  158.525431  228.490284   21.792574
   41.017068    1.768996  251.619412   14.022015  177.518602  134.476761
  233.739436  129.919901  237.581308  134.951438  191.217978   16.792891
  209.358478  122.075791  212.097841   58.986515  107.356852   84.483280
  222.417754  221.937388    7.640830  146.565316  268.731977   24.955484
  246.979461   68.982367  197.504416  300.157991   53.187841   64.758589
  153.313695  129.209110  160.243674  323.562952  178.563401   61.390598
  185.797615  299.954738  176.870232   43.118800  347.044212   66.131964
  251.669900   50.778165  102.486588  347.509742  301.525714   90.006212
   42.412372  142.303141   85.165798  240.889081  341.937135  136.925646
    1.357329   72.803305  244.974570  132.919263  267.856449   88.286791
  279.385348  277.534619  218.369516  256.566236  302.734628   80.129440
   90.307421  246.928481  294.773512  208.544028   25.139605  123.243963
  161.079855  266.938837   37.086779  296.760916  155.630992   39.160398
  278.901170  199.927555  131.428171   72.534223  354.480611  118.049356
  277.811887  248.992773  117.801897  325.613334  359.814683   63.028129
    4.825218  294.225753  128.780339  326.507783   39.736193  119.279315
   78.540386   68.140236  173.565493  235.056610   72.634689  117.628033
   19.162935  176.602215  117.348841  307.904873  151.274067  106.936143
  211.390800  262.116276   86.364853  325.914002  103.415828  162.100337
   41.588644  125.772299  173.101116  308.963320   39.440196   73.757161
  213.992587  262.731177  276.446717  293.037029   51.619830   84.454564
  241.215238   98.623969   89.047321  340.587138  287.880281  124.073834
  236.262049   32.497036  185.540471  132.988689  131.811147   59.991652
  220.829332  151.766945   27.797220    1.347478   42.572643   45.467583
  178.060243   79.805486  176.811210  266.076190  107.906827   93.918549
  112.036075  177.579878    9.817161    1.078911  152.617859   50.473626
   27.683499  240.884066  195.753621  333.912971  303.276486  141.750356
   53.127724  229.813747  106.522492  244.309138  187.289076  123.433346
  164.427504  185.076091  254.907644  316.452951  178.313744   15.874073
  211.115119   58.334690  150.041598  143.858744  141.102603   53.201529
  243.747290  162.509768  297.087331  340.100526  358.398397  111.517328
   67.230774  214.814324   10.363638  310.046199   11.379025  113.960230
   85.965179  165.374496  162.645829  109.566587  292.216850  143.503168
  270.354512   80.660428  144.827881   59.345198   21.340900   54.810299
  272.686053   48.892977  189.586463  228.822577   71.942489  136.128084
   79.800278   60.892029   16.933185   61.631321    6.857104  139.524712
  191.921526  126.151824   48.079401  301.691370  193.881078   99.692665
    6.175002  183.469743  252.300770  117.931425   33.852089   36.846497
   45.628682   87.436926  180.169121  207.902266  237.436207   68.375345
  154.239277  152.457341   27.533627  128.167505   40.592614   38.620188
   77.294557   16.120468  222.224959  266.544983  218.583144  147.981141
   75.852341  229.944549   28.871535  301.016931  193.660563   77.550640
   41.361062  264.671595  280.924547  351.432643  293.109915  138.167348
   93.778192  191.835483  244.895224  313.236577   78.614755   46.094567
   85.235182  244.510641  288.687217  187.187665   34.069758   36.141080
  216.604837  256.484547  156.130108  275.271092  165.436895   56.480897
   70.676495  132.678759  298.642570  126.396652  152.519808   59.451770
  148.490603  226.187356  278.811910   57.688258   88.343099   16.567650
  109.659676   21.003221  109.379010  312.624472  150.857897  104.495751
  184.908538  176.482792   12.445209  359.267469  124.534150   18.210110
  192.332410  127.722714   55.383198  331.834523   29.915402  100.218380
  151.347923  238.206999   46.973920  147.215034    3.412101   27.935700
   74.719123   90.358537  110.375555   17.289367  321.357280   87.603131
    8.250552   67.913455  246.535563  225.486811  260.092763   64.704919
  225.793381  127.915328  158.686480  124.504715  293.009402   71.452271
  269.124831  243.818754   51.048961   30.198120  273.134890   32.139373
  210.574235   79.959388  174.025165  254.271259  272.541543   63.161746
  165.347605  132.274565  290.009821  186.352345  224.394678   90.843513
  221.823667  276.632474   91.900139    5.167184   34.836508  134.798765
  229.226529  153.923190  117.344483   96.804556   70.146101   83.200303
  135.050957  189.314114  190.467378   43.874426   86.335638   76.595144
  287.968446   26.569027  261.127704   87.160088  119.048755   63.214692
  113.655741  238.061734  105.843094  235.980855   93.029824  167.453503
   14.267129  272.702788  126.031983   10.365150  153.194872   95.788402
  126.583159  247.399263  119.861345  225.145096  337.568148   82.549780
  276.438942  110.423351  237.416697  107.324373  174.967648  103.337557
  179.618821  229.851817  241.790168   50.133769   48.551427  127.402317
  284.169040   79.269510  274.561751  177.206375   23.785611  120.173678
   73.267217  114.657044    5.792861  185.728429  173.068486   74.743462
  152.017578  233.336049  157.719781   43.310231  292.918816   51.935228
   77.310043  132.083396  110.030623  285.330124  147.988026  104.784987
    8.337447  109.986666  187.295508  292.309489  175.319382  135.065469
  223.700422   72.679615  262.989588  229.063498  242.061966  103.243116
  119.901500  252.083302  244.217176  258.964606  333.331437    9.534213
   16.125450  126.088883   82.729686  160.089616  353.902277  173.846593
   64.704619  215.385237  196.073404  146.493680  234.560525   71.373546
    1.915819   75.900329   26.508692   43.271791  293.250532  101.162786
  244.310194  187.239407   74.219375  218.010569    2.392980  169.954572
   27.774068  141.253809  117.296977   63.951507   88.150724  162.482183
   95.060736  231.547975   23.393919  163.817540   47.219395   25.202633
  231.489151  174.134829  223.648348  247.147829    3.853361  107.819984
   11.454505   97.761578  180.004289   89.092688  197.012157  152.169993
  188.048255  299.539221   76.800990  214.668413   38.541164   70.569747
  241.715358   22.888027   60.805718  175.588045  359.020056   72.905978
  213.101963  189.384686  200.777039   12.662676   62.600649   90.732253
  114.617459  125.922245  105.405804   20.718997  270.688249   94.744253
  246.956899  266.423172  191.529796  257.086165  202.250715   36.275719
   53.790439  283.536021   59.299749  139.324308  151.023119   85.549973
  253.712090  256.151534   91.717325  279.041001  283.357197   52.465977
   61.521275  264.064065  165.842838   71.164560  158.470819  153.548631
  129.745307  103.240156   89.687632  123.033565  317.030411   22.227024
  128.446835   62.975068  234.087408  333.321768   59.663889  120.015817
  146.396161  126.195841  257.381324  212.498447  122.059006  156.538134
   68.881332   38.969746  273.144747  315.566425  306.846060  145.915932
  225.775474   30.840382  160.990123  142.405718   74.688092   87.140587
  183.120949  180.538807    5.051186   63.600858  291.121010  109.574923
  295.239733  161.692515  231.758148   75.935782   71.697670   45.621095
   88.302578  289.159943  190.930138  102.103461  271.655195  116.872147
  120.134144  162.314177    4.812081  220.007403  210.556545  122.676851
  183.853736   61.286104  202.741942  277.444012   74.226122   56.443651
  218.682135  178.963601  113.867571  268.530327   46.118618  122.114078
  282.788389   56.637840   58.696488  165.051982  156.828771   69.393254
  104.578648   69.182870   26.402066   11.722989  219.044389   92.857821
  100.315354  228.385541   88.189602  287.040236  158.638123  117.002789
   24.634220  237.634813   34.923323  295.025471  197.552373   61.057268
   13.655286  144.209216  224.424051  191.417333   82.621693   81.479998
  173.136559   94.587955  106.803454  345.064336  196.826745   70.053882
  169.636147  247.563556  261.467716  152.681190  121.949688  140.624085
  190.719613  143.413014  180.613180  201.290906  105.793846  117.369787
  131.013843   84.222494  281.406521  128.930242  126.569102   51.373172
  198.010924   83.952959   91.505620  113.498875    3.367726   92.182313
   18.442219  153.556267   60.715769  333.196908   72.627256   92.339923
  282.244134   19.991316  266.816443    1.860927   67.691135  157.754825
  209.028253   90.104508   63.134996  134.268438  142.867118   81.213830
   88.010589   88.693792  136.851707  163.469287  255.754261  131.724304
  295.619426  173.177437   30.546976  217.963813  144.689631  153.184604
   99.031993  181.059601  195.705417  161.267781  275.419203  132.110296
  152.353289   96.725747  119.435179  106.101859   99.308266    7.307227
  254.213193  216.345438   80.131303  209.820209   14.408088  131.480712
  163.397266   58.760906   34.698875  207.210427   99.293720   63.795479
  298.642430   60.185645   78.006837   38.055704  122.533575   80.581964
  141.817395   87.410601   31.091392  219.500045  132.546103  105.114414
  285.141677  280.849038  105.654855  345.748956  157.236879  109.021712
   75.152721   43.958933   31.149109  156.081064   44.422053   92.762157
  170.499050  109.337495  226.668866  148.856102  227.529130   39.706124
    2.120095  269.726686  209.565759  310.603054  344.810845   47.973483
   79.117944  119.570460  282.946645  109.194084  358.980434   21.926044
  163.213887  292.585752   82.545249   22.228581  165.165504  168.396237
  200.756115  191.247574  191.750624  294.710958  298.016731   82.893287
  238.366763  298.386867   20.761459  345.270799    7.932134   46.842919
  219.042108   72.104878    5.910615  137.645862  184.469550   86.178572
   44.780143  281.925764  188.190258  148.740747  301.606527   65.853202
  206.080691  162.199115  133.783981  259.149222  176.796799  146.678310
   43.451247   93.643902    6.235643  248.184596  218.757758   74.923787
    2.193836   58.591568  251.779697  169.149072   87.717676   77.054234
   30.251201  141.362146  169.632950  161.441491   89.732698  148.998493
